$ANSIBLE_VAULT;1.1;AES256
62366236366139326537313231316635346231363437396139333731373233386633616431316635
6138383562616364336334356137373731626632326532620a666165326265313036623534383537
32333561316333383138633135363739383234656465306566373063623733656163393539653464
6137656434356164380a326333616566666665623430636661613838643863343130373665653736
32626563353030623361393266363065326164363662663566346138363463313339386238616637
32613733613362633730386164303438333832663764383234613463666263356663653361363739
65366163666337656438656235623336656166363637316135346562616563616165633438323730
35626135306236626438346638326266616433346131346639313363623330373636646261316432
34373432343032376338346462636465326133646338613131383161383833343034636530646536
34623733303664303865343637376665346330613762656535336531343939346166383238333639
64326134613430346464636332393864396436613464396264313266393462366639336132613430
30656133333633313535656535653030323439393631306636313164383339663665343063326335
61643638343533313132313234323937646235393330353839643330663533653335623062336633
30363539346161303263643439663766366238333062396366393535333163633036396136656430
37343664303131636434353533636238346665613865383261656639366562343631623434326333
33386633366166656266643736666130623761363036316436636536313765303863303733346235
63336632396164323731626433323966396461623030363238396263303231303735663631313039
61346332633236343039333830663931346339626132376661313563333663386534313266316265
39376331303666616530396438663162363831313639656339653864343436303165376662366437
63353266346162336265316165383266306131363436363034623632356566636338613263353232
66323433396630303539323434383966623932613033663637316130623634303963663666363232
65303433363837326366643462633664326632656432623832316433383139383362373662356565
35333430313663646336666666626132303761366237366139663233323462363439313833333734
38313436653230356565326564303232646335353236613030333531663865323937616336343637
30643437633036646338666436633037363739613139376534396432386137353539313833336631
32653639366130623464623731666433393466633134363763303461373634343932336635303666
32346363363235333966653432646366613266636534373132633137373534396433316263616261
35353436353136656266393963656130313934646235616263326136313463313939333539663662
33343833306465626535346561356439616233353761333139383439366337616434626335623838
30316639383531346463313836363364356237356265653263313335316338613239623965313635
38363865316561363331663631626166346564383234306462623033616235636561353163356233
62666234623532393861303630316565313062386264393164356639643333333566346233386264
38353234663164336138306161656438366465393566396166616562666330376537623937333662
36656263346539366366653838316163363336306531396238393239373165646638653030336637
36356333626137616539626239386566653030353765623432356339376539663133636139653335
64313962316634653564616337626436356130316466396331326537616635303534376264383030
34633938383638393264666332316532316332643965313437346433393361373136636337613235
33336634393565343533356163376635393633373866353062616333343661306333653039316335
66373731386431643431623564333531353764383765633065396134373531306337336432633166
39613064633863326530393539383431343932346232666539393232353464393861666563616132
36396465333065356432623166653431303938333231333237323261313631376338623832333435
32343062626238393236626232343663636633623033353138636432386231363033663334366534
62353466373533643266666666636464333434303432613033393761616239373931353635313236
30316437313063326564646664633365343061623631633133333764356264386562376634363934
38613063626632653139353538373266383435653665313030623632313062633131323663326163
30376532646139303863656661633538343139363333663731643930323866313431306538313161
64353865636161633037366165396565333339623366353839613337323831663564323462393639
37383164356432316234663036323334616530653234323533326466643330653134363931633632
37323534333638356237356339616563643461316333353762303533663239336537323834663138
32623265666233306365666464616461393538326335393666326365373736656137313438643930
66303466396131646637643737336237383465316163646330313035323534393936383535376666
62353532393632626230333665653436343563353032373933306432336432323736323266366233
31396134326662373839343262356166363832366534393234613732626237366366326564303735
38623239633662346532633761343332663233333464346535653330633861316632666639393965
64376334336532373363646131613864373064653532353162356632323732633135646633383262
34626232333963623663613734633563333264613835643666306466313532613139653361386364
39366165633235323038646331386636636332636334353539383635613265353737376130316466
64303362633262363565363239373165303330663264616433653562353035346561363265616132
34373065333361623133333165623031666434356364626335333233356462333263623039643835
34333533616463643533326431363662373632373839343562636636373261323838313337313232
30613030633134663838306165663339333663363564653933663063633966376361653232333837
66613735383064613733356664613263626661383637303865333838363264303239643137663463
33623534613538343063333138356530313433643131663833373535623166386265376461383036
36653265386665343861346364393338393832363633643136643531623562646565653834383362
39333235623336306334623631316635323731373862376433363239613462336265353339633938
36643731346336306339373164636534313739306436353265636137306236373630636635303338
34643366346631323136353134656638393364373431373735633638353866373561336237613262
32616439663165333339663537363331306636363932356662633434343164653665306666626163
31313964653264643363323865363130623332333936633435613762393335653135373532363332
39313231626634393566316136616461613263393334626331663030363864303061653463393766
32636162646532353930343061636363306132613330356362346661396239393439613961346465
36323833353835363436323536373237313638366231663361356662373632303238323164366664
34656261386238643431633434346336313531346163346437333739343530613562333266653034
61643930366364363333643462353865623230326362353465333338346337663964643535393563
37363635663835353161336364353337623463653338623039643430323261653766333239306666
37636461326339613366303166373932663434613433366435633431353034346438376538333761
33636466613065343064623534656133346631313534363364326635346261393737373264636137
31626564643161343634373030303139333739356365323538663434393236343037326164383234
33613937346561613662386335313736396133663162323766633530623133306533323662383863
61373664313863356338393032363036336334623331396365636461653565623533333634356331
38313031313761356331333931393633323366326333636666323263346632326438653830313365
35623665326231363061336661626333663966316634613537623865663539353266333633373234
38653265343964613434363033396433626566383135373430393262653063313339313063326163
35646263383939343534376135393831343632616463613364633535393931313466376436323233
37393030383764326336623264653163393935363566373735653437316238616337653731663136
64386231623836323466643964313635633539336462626135363464613434666332383935646261
61343865373736633634633739663832326561633134396230633363356235366163303931626162
64386231633931303539623364663365343832393765353334393631346337306537626463646130
36323164646163623434656634633033346632393739393631393031333133363333393434316261
32353138313563363036633735613833396263646236613862336166613732313439303037626238
32343463396437646262333036373233396361386436343361653665316564663230636337653634
61663638376537333034393532393730323864653763323931643734303932656662393232366238
32393434623062376438366363383162653836363332363539396538626337336661616535346238
63623563333233333734656338646237373866616136663031383666373935643062663666613632
64376362373531376164333838376333336437336335303661323136333763333661613862383863
35326664303263623737336632626331376261613736373531386638656238363332643630623663
64383830326534383635376336323062663035663466316438366635303737396564393634653939
32323366323335373930653566386536393966633930393034653738646435343262336538343131
31653135366462363737323738323433363361656566653832333933333733383538353862383733
30623137626563653737313339313563303663633136616538383939343261613561356564393432
39303032633437616136623830323832623032613663323466356531303034316538633935313363
65316637313137336237386630396163343933396134663233346534313631373639353861613534
63616330643762366465376436356339666233313966653639316637663932643933366361373337
65363766613333353062323261383062316430306435376537333664663461383930613564326533
32306236306130663661613763643534643161336461626264636236616339333130363930653733
36326232636235393962313139643165356566636362653962376332383166323830616466623635
64666337643465396638626634373834353265313337626338363139373532396334366364333233
39626436623661336365356235396231326666343138323561363633613138376466373335353738
66396266313537383032303838313538383161616264383738343230366634336437646531336365
64343236663830663866643861383639353232633363643766313831663330626238633438653934
31313233386565313762383537343464616461353461326135336237353632643666313230336235
33343062386133363933663733353339363137373166333666623433333063353833346362343964
62623662343632623132306164336137663034616134643339636131366361313732373265663732
38626365646366656661623232363835353964323036656136333531666266653766393166303837
36393537386532333131333737666364386662663061666439623335623237653661666263623135
33376335636138333764306130333735626665343431356335333163303331663561376532363635
30386232376630306339363136356337393739323738653733386361663833373664353761373233
32623831336161643734663066333032396639343838623839643164306530366665316232613562
64363835346637663933373436623636383835633064333965363038643830396265303464333463
63373861653263303865616666373266313432343638653261353135333636396235626361623330
37666463613236313233623137313737653161343335346261393162303964626464633734373030
65346163613764666566333463316537313637363761303762663930353564326634653336393432
64386537323330363364313033383935633065353733313463306333653664623536613963316236
39396364646538656432636232376363373261386131373563383232613036663664633864376166
37663435366562356266386264653430393236323263363131616234653163643031623766373835
61633030373130373433383734626534383439626636646262663562373461343839626165636538
33353037323966396538633932343336383965623434396534643632613661343232373031393438
36386439336530346336336665316335386164396566393031656535373965383862386333656639
33643165353437333162663862363037663761333662346432663330393162396130393162353837
38336432353266626338386131343233366437336166653363323935383632326133346364366331
62313833656439373737663234306138306633373262383330353665636466316435373136653630
64346662303634623530636633393465383235373436383933373663646633376337623964356237
63616230616135376337303761626539346563646637613430303864353136323363316137626632
62346432353436646131633436386237366337343863303730623531373133663934623136306261
336264643530616539666530663935646630
